# layer center[mm] area[cm2] mipsig sipm_noise S/N power[mW] fluence dose[kRad] inner outer
-3   1474  4.59  20.4   6.0  3.42  5.91 4.90e+13 157.9 1484 1463
-3   1495  4.73  20.6   5.8  3.58  5.49 4.55e+13 148.6 1506 1484
-3   1517  4.87  20.8   5.5  3.75  5.09 4.22e+13 139.9 1528 1506
-3   1539  5.01  20.9   5.3  3.92  4.72 3.91e+13 131.7 1551 1528
-3   1562  5.16  21.0   5.1  4.10  4.37 3.62e+13 124.1 1573 1551
-3   1585  5.31  21.2   4.9  4.29  4.04 3.35e+13 116.9 1596 1573
-3   1608  5.47  21.3   4.7  4.49  3.73 3.09e+13 110.3 1620 1596
-3   1632  5.63  21.4   4.6  4.70  3.45 2.86e+13 104.0 1643 1620
-3   1655  5.80  21.5   4.4  4.91  3.18 2.63e+13  98.2 1667 1643
-3   1680  5.97  21.6   4.2  5.14  2.93 2.43e+13  92.8 1692 1667
-3   1704  6.15  21.6   4.0  5.37  2.69 2.23e+13  87.7 1717 1692
-3   1729  6.33  21.7   3.9  5.62  2.48 2.05e+13  83.0 1742 1717
-3   1755  6.51  21.7   3.7  5.87  2.27 1.88e+13  78.5 1767 1742
-3   1780  6.71  21.8   3.5  6.14  2.09 1.73e+13  74.4 1793 1767
-3   1806  6.90  21.8   3.4  6.42  1.91 1.58e+13  70.6 1820 1793
-3   1833  7.11  21.8   3.2  6.71  1.75 1.45e+13  67.0 1846 1820
-3   1860  7.32  21.8   3.1  7.02  1.60 1.33e+13  63.7 1873 1846
-3   1887  7.53  21.8   3.0  7.34  1.46 1.21e+13  60.6 1901 1873
-2   1350  3.86  20.7   6.9  3.02  7.82 6.48e+13 190.8 1360 1341
-2   1370  3.97  20.9   6.6  3.15  7.31 6.06e+13 179.4 1380 1360
-2   1390  4.09  21.1   6.4  3.29  6.83 5.66e+13 168.8 1400 1380
-2   1411  4.21  21.3   6.2  3.43  6.37 5.28e+13 158.8 1421 1400
-2   1431  4.33  21.5   6.0  3.59  5.94 4.92e+13 149.5 1442 1421
-2   1452  4.46  21.6   5.8  3.74  5.54 4.59e+13 140.8 1463 1442
-2   1474  4.59  21.8   5.6  3.91  5.15 4.27e+13 132.6 1484 1463
-2   1495  4.73  21.9   5.4  4.08  4.79 3.97e+13 125.0 1506 1484
-2   1517  4.87  22.1   5.2  4.26  4.46 3.69e+13 117.8 1528 1506
-2   1539  5.01  22.2   5.0  4.44  4.14 3.43e+13 111.2 1551 1528
-2   1562  5.16  22.3   4.8  4.63  3.84 3.18e+13 104.9 1573 1551
-2   1585  5.31  22.4   4.6  4.83  3.56 2.95e+13  99.1 1596 1573
-2   1608  5.47  22.5   4.5  5.04  3.30 2.73e+13  93.7 1620 1596
-2   1632  5.63  22.5   4.3  5.25  3.05 2.53e+13  88.6 1643 1620
-2   1655  5.80  22.6   4.1  5.48  2.82 2.34e+13  83.9 1667 1643
-2   1680  5.97  22.6   4.0  5.71  2.61 2.16e+13  79.5 1692 1667
-2   1704  6.15  22.7   3.8  5.95  2.41 2.00e+13  75.3 1717 1692
-2   1729  6.33  22.7   3.7  6.20  2.22 1.84e+13  71.5 1742 1717
-2   1755  6.51  22.7   3.5  6.46  2.05 1.70e+13  68.0 1767 1742
-2   1780  6.71  22.7   3.4  6.73  1.88 1.56e+13  64.6 1793 1767
-2   1806  6.90  22.7   3.2  7.01  1.73 1.44e+13  61.6 1820 1793
-2   1833  7.11  22.6   3.1  7.30  1.59 1.32e+13  58.7 1846 1820
-2   1860  7.32  22.6   3.0  7.60  1.46 1.21e+13  56.1 1873 1846
-2   1887  7.53  22.5   2.8  7.91  1.34 1.11e+13  53.6 1901 1873
-2   1915  7.76  22.4   2.7  8.23  1.23 1.02e+13  51.3 1929 1901
-2   1943  7.98  22.3   2.6  8.57  1.13 9.34e+12  49.2 1957 1929
-1   1350  3.86  22.0   6.4  3.45  6.78 5.62e+13 162.5 1360 1341
-1   1370  3.97  22.2   6.2  3.60  6.34 5.26e+13 152.7 1380 1360
-1   1390  4.09  22.4   6.0  3.75  5.93 4.92e+13 143.5 1400 1380
-1   1411  4.21  22.6   5.8  3.91  5.54 4.59e+13 134.9 1421 1400
-1   1431  4.33  22.8   5.6  4.08  5.18 4.29e+13 126.9 1442 1421
-1   1452  4.46  22.9   5.4  4.25  4.83 4.01e+13 119.3 1463 1442
-1   1474  4.59  23.1   5.2  4.43  4.51 3.74e+13 112.3 1484 1463
-1   1495  4.73  23.2   5.0  4.61  4.20 3.48e+13 105.7 1506 1484
-1   1517  4.87  23.3   4.9  4.81  3.91 3.24e+13  99.5 1528 1506
-1   1539  5.01  23.5   4.7  5.01  3.64 3.02e+13  93.8 1551 1528
-1   1562  5.16  23.6   4.5  5.21  3.39 2.81e+13  88.4 1573 1551
-1   1585  5.31  23.6   4.4  5.43  3.15 2.61e+13  83.4 1596 1573
-1   1608  5.47  23.7   4.2  5.65  2.93 2.43e+13  78.7 1620 1596
-1   1632  5.63  23.8   4.0  5.87  2.72 2.25e+13  74.4 1643 1620
-1   1655  5.80  23.8   3.9  6.11  2.52 2.09e+13  70.3 1667 1643
-1   1680  5.97  23.8   3.8  6.35  2.34 1.94e+13  66.5 1692 1667
-1   1704  6.15  23.9   3.6  6.61  2.17 1.79e+13  63.0 1717 1692
-1   1729  6.33  23.9   3.5  6.87  2.00 1.66e+13  59.7 1742 1717
-1   1755  6.51  23.9   3.3  7.13  1.86 1.54e+13  56.6 1767 1742
-1   1780  6.71  23.8   3.2  7.41  1.72 1.42e+13  53.8 1793 1767
-1   1806  6.90  23.8   3.1  7.70  1.59 1.31e+13  51.1 1820 1793
-1   1833  7.11  23.7   3.0  7.99  1.46 1.21e+13  48.6 1846 1820
-1   1860  7.32  23.7   2.9  8.30  1.35 1.12e+13  46.4 1873 1846
-1   1887  7.53  23.6   2.7  8.61  1.25 1.03e+13  44.2 1901 1873
-1   1915  7.76  23.5   2.6  8.93  1.15 9.52e+12  42.3 1929 1901
-1   1943  7.98  23.4   2.5  9.27  1.06 8.77e+12  40.5 1957 1929
-1   1971  8.22  23.3   2.4  9.61  0.97 8.07e+12  38.8 1985 1957
-1   2000  8.46  23.2   2.3  9.96  0.90 7.43e+12  37.3 2015 1985
 0   1227  4.59  36.8  10.3  3.57 17.67 7.32e+13 205.8 1238 1216
 0   1248  4.75  37.3   9.9  3.75 16.41 6.80e+13 191.2 1259 1238
 0   1270  4.92  37.7   9.6  3.94 15.22 6.31e+13 177.7 1281 1259
 0   1293  5.09  38.1   9.2  4.13 14.11 5.85e+13 165.2 1304 1281
 0   1316  5.27  38.5   8.9  4.34 13.07 5.42e+13 153.7 1327 1304
 0   1339  5.46  38.9   8.5  4.55 12.10 5.01e+13 143.0 1350 1327
 0   1362  5.65  39.2   8.2  4.78 11.19 4.63e+13 133.2 1374 1350
 0   1386  5.86  39.5   7.9  5.01 10.34 4.28e+13 124.1 1398 1374
 0   1411  6.06  39.8   7.6  5.25  9.54 3.95e+13 115.7 1423 1398
 0   1436  6.28  20.0   5.1  3.89  4.40 3.65e+13 108.0 1448 1423
 0   1461  6.50  20.1   4.9  4.07  4.06 3.36e+13 100.9 1474 1448
 0   1487  6.73  20.2   4.7  4.26  3.73 3.09e+13  94.3 1499 1474
 0   1513  6.97  20.3   4.6  4.46  3.44 2.85e+13  88.3 1526 1499
 0   1539  7.22  20.3   4.4  4.66  3.16 2.62e+13  82.8 1553 1526
 0   1566  7.48  20.4   4.2  4.87  2.90 2.41e+13  77.7 1580 1553
 0   1594  7.74  20.4   4.0  5.09  2.66 2.21e+13  73.0 1608 1580
 0   1622  8.02  20.4   3.8  5.31  2.44 2.03e+13  68.7 1636 1608
 0   1651  8.30  20.4   3.7  5.54  2.24 1.86e+13  64.8 1665 1636
 0   1680  8.60  20.3   3.5  5.78  2.05 1.70e+13  61.2 1694 1665
 0   1709  8.90  20.3   3.4  6.03  1.88 1.56e+13  57.9 1724 1694
 0   1739  9.22  20.2   3.2  6.28  1.72 1.42e+13  54.9 1755 1724
 0   1770  9.55  20.1   3.1  6.54  1.57 1.30e+13  52.2 1785 1755
 0   1801  9.88  20.0   2.9  6.81  1.43 1.19e+13  49.7 1817 1785
 0   1833 10.24  19.9   2.8  7.09  1.31 1.08e+13  47.4 1849 1817
 0   1865 10.60  19.8   2.7  7.37  1.19 9.89e+12  45.4 1881 1849
 0   1898 10.98  19.6   2.6  7.66  1.09 9.02e+12  43.6 1915 1881
 0   1931 11.37  19.4   2.4  7.96  0.99 8.21e+12  42.0 1948 1915
 0   1965 11.77  19.3   2.3  8.26  0.90 7.48e+12  40.6 1983 1948
 0   2000 12.19  19.1   2.2  8.57  0.82 6.81e+12  39.3 2017 1983
 0   2035 12.62  18.9   2.1  8.89  0.75 6.19e+12  38.3 2053 2017
 0   2071 13.07  18.6   2.0  9.21  0.68 5.63e+12  37.4 2089 2053
 1   1134  6.12  30.6  10.0  3.07 16.44 6.81e+13 228.2 1147 1122
 1   1159  6.40  31.1   9.5  3.26 15.05 6.24e+13 207.7 1172 1147
 1   1185  6.68  31.6   9.1  3.47 13.76 5.70e+13 189.1 1198 1172
 1   1211  6.98  32.1   8.7  3.68 12.58 5.21e+13 172.0 1224 1198
 1   1238  7.29  32.5   8.3  3.91 11.48 4.76e+13 156.5 1251 1224
 1   1265  7.62  33.0   7.9  4.15 10.47 4.34e+13 142.4 1279 1251
 1   1293  7.96  33.4   7.6  4.40  9.55 3.96e+13 129.5 1307 1279
 1   1321  8.31  33.8   7.2  4.66  8.69 3.60e+13 117.9 1336 1307
 1   1350  8.68  34.1   6.9  4.94  7.91 3.28e+13 107.3 1365 1336
 1   1380  9.07  17.2   4.7  3.70  3.60 2.98e+13  97.7 1395 1365
 1   1411  9.47  17.4   4.4  3.91  3.27 2.71e+13  89.0 1426 1395
 1   1442  9.90  17.5   4.2  4.13  2.97 2.46e+13  81.1 1457 1426
 1   1474 10.34  17.6   4.0  4.36  2.69 2.23e+13  74.0 1490 1457
 1   1506 10.80  17.6   3.8  4.60  2.44 2.03e+13  67.6 1523 1490
 1   1539 11.28  17.7   3.7  4.84  2.22 1.84e+13  61.8 1556 1523
 1   1573 11.78  17.7   3.5  5.10  2.01 1.67e+13  56.5 1590 1556
 1   1608 12.31  17.8   3.3  5.36  1.82 1.51e+13  51.8 1625 1590
 1   1643 12.86  17.8   3.2  5.63  1.65 1.37e+13  47.5 1661 1625
 1   1680 13.43  17.7   3.0  5.90  1.49 1.24e+13  43.7 1698 1661
 1   1717 14.03  17.7   2.9  6.19  1.35 1.12e+13  40.2 1735 1698
 1   1755 14.66  17.6   2.7  6.48  1.23 1.02e+13  37.1 1774 1735
 1   1793 15.31  17.5   2.6  6.77  1.11 9.21e+12  34.4 1813 1774
 1   1833 15.99  17.4   2.5  7.07  1.01 8.35e+12  31.9 1853 1813
 1   1873 16.71  17.3   2.3  7.37  0.91 7.57e+12  29.7 1894 1853
 1   1915 17.45  17.2   2.2  7.68  0.83 6.86e+12  27.7 1935 1894
 1   1957 18.23  17.0   2.1  7.99  0.75 6.23e+12  25.9 1978 1935
 1   2000 19.04  16.8   2.0  8.30  0.68 5.66e+12  24.4 2022 1978
 1   2044 19.89  16.6   1.9  8.60  0.62 5.14e+12  23.0 2066 2022
 1   2089 20.78  16.4   1.8  8.91  0.56 4.68e+12  21.8 2112 2066
 1   2135 21.71  16.2   1.8  9.21  0.51 4.26e+12  20.7 2159 2112
 2   1062  5.37  31.8   9.6  3.31 15.32 6.35e+13 242.5 1074 1051
 2   1086  5.61  32.4   9.2  3.52 14.02 5.81e+13 220.4 1098 1074
 2   1110  5.86  32.9   8.8  3.75 12.83 5.32e+13 200.2 1122 1098
 2   1134  6.12  33.5   8.4  3.98 11.73 4.86e+13 181.9 1147 1122
 2   1159  6.40  34.0   8.0  4.23 10.71 4.44e+13 165.3 1172 1147
 2   1185  6.68  34.5   7.7  4.49  9.78 4.05e+13 150.3 1198 1172
 2   1211  6.98  35.0   7.3  4.77  8.92 3.70e+13 136.6 1224 1198
 2   1238  7.29  35.4   7.0  5.05  8.14 3.37e+13 124.2 1251 1224
 2   1265  7.62  17.9   4.7  3.78  3.71 3.07e+13 113.0 1279 1251
 2   1293  7.96  18.1   4.5  4.00  3.38 2.80e+13 102.9 1307 1279
 2   1321  8.31  18.2   4.3  4.23  3.07 2.55e+13  93.8 1336 1307
 2   1350  8.68  18.4   4.1  4.47  2.80 2.32e+13  85.5 1365 1336
 2   1380  9.07  18.5   3.9  4.71  2.55 2.11e+13  78.1 1395 1365
 2   1411  9.47  18.5   3.7  4.96  2.32 1.92e+13  71.4 1426 1395
 2   1442  9.90  18.6   3.6  5.22  2.11 1.75e+13  65.3 1457 1426
 2   1474 10.34  18.6   3.4  5.49  1.92 1.59e+13  59.9 1490 1457
 2   1506 10.80  18.7   3.2  5.76  1.74 1.45e+13  55.0 1523 1490
 2   1539 11.28  18.7   3.1  6.03  1.59 1.32e+13  50.6 1556 1523
 2   1573 11.78  18.6   3.0  6.31  1.44 1.20e+13  46.7 1590 1556
 2   1608 12.31  18.6   2.8  6.59  1.31 1.09e+13  43.2 1625 1590
 2   1643 12.86  18.5   2.7  6.88  1.20 9.93e+12  40.0 1661 1625
 2   1680 13.43  18.4   2.6  7.17  1.09 9.05e+12  37.2 1698 1661
 2   1717 14.03  18.3   2.4  7.46  1.00 8.25e+12  34.7 1735 1698
 2   1755 14.66  18.1   2.3  7.74  0.91 7.53e+12  32.5 1774 1735
 2   1793 15.31  18.0   2.2  8.03  0.83 6.88e+12  30.5 1813 1774
 2   1833 15.99  17.8   2.1  8.31  0.76 6.30e+12  28.8 1853 1813
 2   1873 16.71  17.6   2.0  8.58  0.70 5.77e+12  27.3 1894 1853
 2   1915 17.45  17.4   2.0  8.85  0.64 5.29e+12  26.0 1935 1894
 2   1957 18.23  17.1   1.9  9.11  0.59 4.87e+12  24.9 1978 1935
 2   2000 19.04  16.9   1.8  9.35  0.54 4.48e+12  23.9 2022 1978
 2   2044 19.89  16.6   1.7  9.58  0.50 4.14e+12  23.2 2066 2022
 2   2089 20.78  16.3   1.7  9.79  0.46 3.83e+12  22.6 2112 2066
 2   2135 21.71  16.0   1.6  9.98  0.43 3.55e+12  22.1 2159 2112
 2   2182 22.68  15.7   1.5 10.15  0.40 3.30e+12  21.9 2206 2159
 2   2231 23.69  15.4   1.5 10.28  0.37 3.08e+12  21.8 2255 2206
 2   2280 24.74  15.0   1.4 10.39  0.35 2.88e+12  21.9 2305 2255
 3    952  4.32  32.7  10.4  3.14 17.98 7.45e+13 294.7  963  942
 3    973  4.51  33.3  10.0  3.34 16.48 6.83e+13 267.4  984  963
 3    995  4.71  34.0   9.5  3.56 15.09 6.25e+13 242.5 1006  984
 3   1017  4.92  34.6   9.1  3.80 13.80 5.72e+13 219.8 1028 1006
 3   1039  5.14  35.2   8.7  4.04 12.62 5.23e+13 199.2 1051 1028
 3   1062  5.37  35.9   8.3  4.30 11.53 4.78e+13 180.5 1074 1051
 3   1086  5.61  36.5   8.0  4.58 10.52 4.36e+13 163.5 1098 1074
 3   1110  5.86  37.0   7.6  4.87  9.60 3.98e+13 148.1 1122 1098
 3   1134  6.12  18.8   5.1  3.66  4.38 3.63e+13 134.2 1147 1122
 3   1159  6.40  19.0   4.9  3.88  3.99 3.30e+13 121.5 1172 1147
 3   1185  6.68  19.3   4.7  4.12  3.63 3.01e+13 110.1 1198 1172
 3   1211  6.98  19.5   4.5  4.37  3.31 2.74e+13  99.8 1224 1198
 3   1238  7.29  19.7   4.3  4.62  3.01 2.49e+13  90.5 1251 1224
 3   1265  7.62  19.8   4.1  4.89  2.74 2.27e+13  82.1 1279 1251
 3   1293  7.96  20.0   3.9  5.16  2.49 2.06e+13  74.5 1307 1279
 3   1321  8.31  20.1   3.7  5.45  2.26 1.87e+13  67.7 1336 1307
 3   1350  8.68  20.2   3.5  5.74  2.06 1.70e+13  61.5 1365 1336
 3   1380  9.07  20.3   3.4  6.04  1.87 1.55e+13  56.0 1395 1365
 3   1411  9.47  20.3   3.2  6.34  1.70 1.41e+13  51.1 1426 1395
 3   1442  9.90  20.3   3.1  6.66  1.55 1.28e+13  46.6 1457 1426
 3   1474 10.34  20.3   2.9  6.98  1.41 1.17e+13  42.6 1490 1457
 3   1506 10.80  20.3   2.8  7.30  1.28 1.06e+13  39.0 1523 1490
 3   1539 11.28  20.2   2.7  7.63  1.17 9.66e+12  35.8 1556 1523
 3   1573 11.78  20.2   2.5  7.97  1.06 8.80e+12  33.0 1590 1556
 3   1608 12.31  20.0   2.4  8.30  0.97 8.03e+12  30.4 1625 1590
 3   1643 12.86  19.9   2.3  8.63  0.88 7.33e+12  28.1 1661 1625
 3   1680 13.43  19.8   2.2  8.96  0.81 6.69e+12  26.1 1698 1661
 3   1717 14.03  19.6   2.1  9.29  0.74 6.12e+12  24.3 1735 1698
 3   1755 14.66  19.4   2.0  9.62  0.68 5.61e+12  22.7 1774 1735
 3   1793 15.31  19.2   1.9  9.94  0.62 5.15e+12  21.3 1813 1774
 3   1833 15.99  19.0   1.9 10.24  0.57 4.73e+12  20.1 1853 1813
 3   1873 16.71  18.8   1.8 10.54  0.53 4.36e+12  19.0 1894 1853
 3   1915 17.45  18.5   1.7 10.82  0.49 4.02e+12  18.0 1935 1894
 3   1957 18.23  18.2   1.6 11.08  0.45 3.72e+12  17.2 1978 1935
 3   2000 19.04  18.0   1.6 11.33  0.42 3.46e+12  16.6 2022 1978
 3   2044 19.89  17.7   1.5 11.55  0.39 3.22e+12  16.0 2066 2022
 3   2089 20.78  17.3   1.5 11.74  0.36 3.00e+12  15.6 2112 2066
 3   2135 21.71  17.0   1.4 11.90  0.34 2.81e+12  15.3 2159 2112
 3   2182 22.68  16.7   1.4 12.03  0.32 2.65e+12  15.2 2206 2159
 3   2231 23.69  16.3   1.3 12.11  0.30 2.50e+12  15.1 2255 2206
 3   2280 24.74  16.0   1.3 12.16  0.29 2.37e+12  15.2 2305 2255
 3   2330 25.85  15.6   1.3 12.16  0.27 2.26e+12  15.4 2355 2305
 3   2381 27.00  15.2   1.3 12.11  0.26 2.16e+12  15.8 2407 2355
 4    912  3.96  35.5  10.1  3.52 16.88 6.99e+13 269.3  922  902
 4    932  4.14  36.2   9.6  3.76 15.42 6.39e+13 243.0  942  922
 4    952  4.32  37.0   9.2  4.02 14.08 5.83e+13 219.2  963  942
 4    973  4.51  37.8   8.8  4.29 12.85 5.32e+13 197.6  984  963
 4    995  4.71  38.5   8.4  4.58 11.71 4.85e+13 178.1 1006  984
 4   1017  4.92  19.6   5.7  3.46  5.34 4.42e+13 160.5 1028 1006
 4   1039  5.14  19.9   5.4  3.69  4.86 4.03e+13 144.6 1051 1028
 4   1062  5.37  20.3   5.2  3.93  4.42 3.66e+13 130.2 1074 1051
 4   1086  5.61  20.6   4.9  4.18  4.02 3.33e+13 117.3 1098 1074
 4   1110  5.86  20.9   4.7  4.45  3.65 3.03e+13 105.6 1122 1098
 4   1134  6.12  21.1   4.5  4.72  3.32 2.75e+13  95.2 1147 1122
 4   1159  6.40  21.4   4.3  5.01  3.02 2.50e+13  85.7 1172 1147
 4   1185  6.68  21.6   4.1  5.31  2.74 2.27e+13  77.3 1198 1172
 4   1211  6.98  21.8   3.9  5.62  2.48 2.06e+13  69.7 1224 1198
 4   1238  7.29  21.9   3.7  5.94  2.26 1.87e+13  62.9 1251 1224
 4   1265  7.62  22.0   3.5  6.27  2.05 1.70e+13  56.9 1279 1251
 4   1293  7.96  22.1   3.3  6.61  1.86 1.54e+13  51.4 1307 1279
 4   1321  8.31  22.2   3.2  6.96  1.69 1.40e+13  46.6 1336 1307
 4   1350  8.68  22.2   3.0  7.32  1.53 1.27e+13  42.2 1365 1336
 4   1380  9.07  22.2   2.9  7.68  1.39 1.15e+13  38.3 1395 1365
 4   1411  9.47  22.2   2.8  8.05  1.26 1.05e+13  34.8 1426 1395
 4   1442  9.90  22.2   2.6  8.43  1.15 9.51e+12  31.8 1457 1426
 4   1474 10.34  22.1   2.5  8.81  1.04 8.65e+12  29.0 1490 1457
 4   1506 10.80  22.0   2.4  9.19  0.95 7.88e+12  26.5 1523 1490
 4   1539 11.28  21.9   2.3  9.57  0.87 7.18e+12  24.4 1556 1523
 4   1573 11.78  21.7   2.2  9.95  0.79 6.55e+12  22.4 1590 1556
 4   1608 12.31  21.5   2.1 10.33  0.72 5.98e+12  20.7 1625 1590
 4   1643 12.86  21.3   2.0 10.70  0.66 5.47e+12  19.2 1661 1625
 4   1680 13.43  21.1   1.9 11.07  0.61 5.02e+12  17.8 1698 1661
 4   1717 14.03  20.9   1.8 11.42  0.56 4.61e+12  16.7 1735 1698
 4   1755 14.66  20.7   1.8 11.76  0.51 4.24e+12  15.6 1774 1735
 4   1793 15.31  20.4   1.7 12.09  0.47 3.91e+12  14.7 1813 1774
 4   1833 15.99  20.1   1.6 12.40  0.44 3.61e+12  14.0 1853 1813
 4   1873 16.71  19.8   1.6 12.68  0.40 3.35e+12  13.3 1894 1853
 4   1915 17.45  19.5   1.5 12.94  0.38 3.12e+12  12.8 1935 1894
 4   1957 18.23  19.2   1.5 13.17  0.35 2.91e+12  12.3 1978 1935
 4   2000 19.04  18.8   1.4 13.37  0.33 2.72e+12  12.0 2022 1978
 4   2044 19.89  18.5   1.4 13.53  0.31 2.56e+12  11.7 2066 2022
 4   2089 20.78  18.1   1.3 13.64  0.29 2.42e+12  11.6 2112 2066
 4   2135 21.71  17.7   1.3 13.72  0.28 2.29e+12  11.5 2159 2112
 4   2182 22.68  17.3   1.3 13.74  0.26 2.19e+12  11.5 2206 2159
 4   2231 23.69  16.9   1.2 13.70  0.25 2.10e+12  11.7 2255 2206
 4   2280 24.74  16.5   1.2 13.61  0.24 2.02e+12  12.0 2305 2255
 4   2330 25.85  16.1   1.2 13.45  0.24 1.96e+12  12.4 2355 2305
 4   2381 27.00  15.6   1.2 13.23  0.23 1.92e+12  13.0 2407 2355
 4   2434 28.21  15.2   1.2 12.95  0.23 1.88e+12  13.8 2460 2407
 4   2488 29.46  14.7   1.2 12.59  0.23 1.87e+12  14.9 2515 2460
 5    912  3.96  19.5   6.4  3.04  6.82 5.65e+13 214.6  922  902
 5    932  4.14  19.9   6.1  3.26  6.20 5.14e+13 192.8  942  922
 5    952  4.32  20.3   5.8  3.49  5.63 4.67e+13 173.2  963  942
 5    973  4.51  20.7   5.5  3.73  5.11 4.24e+13 155.4  984  963
 5    995  4.71  21.1   5.3  3.99  4.64 3.84e+13 139.5 1006  984
 5   1017  4.92  21.5   5.0  4.27  4.20 3.48e+13 125.1 1028 1006
 5   1039  5.14  21.8   4.8  4.56  3.81 3.16e+13 112.2 1051 1028
 5   1062  5.37  22.2   4.6  4.86  3.45 2.86e+13 100.6 1074 1051
 5   1086  5.61  22.5   4.3  5.18  3.12 2.58e+13  90.2 1098 1074
 5   1110  5.86  22.7   4.1  5.51  2.82 2.34e+13  80.9 1122 1098
 5   1134  6.12  23.0   3.9  5.86  2.55 2.11e+13  72.5 1147 1122
 5   1159  6.40  23.2   3.7  6.22  2.31 1.91e+13  65.1 1172 1147
 5   1185  6.68  23.4   3.5  6.59  2.08 1.73e+13  58.4 1198 1172
 5   1211  6.98  23.5   3.4  6.98  1.88 1.56e+13  52.4 1224 1198
 5   1238  7.29  23.6   3.2  7.38  1.70 1.41e+13  47.1 1251 1224
 5   1265  7.62  23.7   3.0  7.79  1.54 1.27e+13  42.4 1279 1251
 5   1293  7.96  23.8   2.9  8.22  1.39 1.15e+13  38.1 1307 1279
 5   1321  8.31  23.8   2.7  8.65  1.25 1.04e+13  34.4 1336 1307
 5   1350  8.68  23.8   2.6  9.10  1.13 9.39e+12  31.0 1365 1336
 5   1380  9.07  23.7   2.5  9.55  1.03 8.49e+12  28.0 1395 1365
 5   1411  9.47  23.7   2.4 10.01  0.93 7.69e+12  25.4 1426 1395
 5   1442  9.90  23.6   2.3 10.48  0.84 6.96e+12  23.0 1457 1426
 5   1474 10.34  23.5   2.1 10.95  0.76 6.31e+12  20.9 1490 1457
 5   1506 10.80  23.3   2.0 11.43  0.69 5.72e+12  19.1 1523 1490
 5   1539 11.28  23.2   1.9 11.91  0.63 5.20e+12  17.4 1556 1523
 5   1573 11.78  23.0   1.9 12.38  0.57 4.73e+12  16.0 1590 1556
 5   1608 12.31  22.7   1.8 12.85  0.52 4.31e+12  14.7 1625 1590
 5   1643 12.86  22.5   1.7 13.31  0.47 3.93e+12  13.5 1661 1625
 5   1680 13.43  22.3   1.6 13.77  0.43 3.60e+12  12.5 1698 1661
 5   1717 14.03  22.0   1.5 14.21  0.40 3.30e+12  11.7 1735 1698
 5   1755 14.66  21.7   1.5 14.63  0.37 3.03e+12  10.9 1774 1735
 5   1793 15.31  21.4   1.4 15.03  0.34 2.79e+12  10.2 1813 1774
 5   1833 15.99  21.1   1.4 15.41  0.31 2.58e+12   9.7 1853 1813
 5   1873 16.71  20.8   1.3 15.76  0.29 2.39e+12   9.2 1894 1853
 5   1915 17.45  20.4   1.3 16.08  0.27 2.22e+12   8.8 1935 1894
 5   1957 18.23  20.1   1.2 16.35  0.25 2.07e+12   8.4 1978 1935
 5   2000 19.04  19.7   1.2 16.59  0.23 1.94e+12   8.2 2022 1978
 5   2044 19.89  19.3   1.2 16.77  0.22 1.83e+12   8.0 2066 2022
 5   2089 20.78  19.0   1.1 16.90  0.21 1.73e+12   7.8 2112 2066
 5   2135 21.71  18.6   1.1 16.97  0.20 1.65e+12   7.8 2159 2112
 5   2182 22.68  18.2   1.1 16.97  0.19 1.57e+12   7.8 2206 2159
 5   2231 23.69  17.7   1.0 16.91  0.18 1.51e+12   7.9 2255 2206
 5   2280 24.74  17.3   1.0 16.77  0.18 1.47e+12   8.1 2305 2255
 5   2330 25.85  16.9   1.0 16.55  0.17 1.43e+12   8.4 2355 2305
 5   2381 27.00  16.4   1.0 16.25  0.17 1.40e+12   8.8 2407 2355
 5   2434 28.21  16.0   1.0 15.87  0.17 1.39e+12   9.3 2460 2407
 5   2488 29.46  15.5   1.0 15.40  0.17 1.39e+12  10.0 2515 2460
 5   2543 30.78  15.0   1.0 14.85  0.17 1.40e+12  10.9 2570 2515
 5   2599 32.15  14.5   1.0 14.21  0.17 1.42e+12  12.1 2627 2570
 6    912  3.96  21.3   5.8  3.66  5.62 4.66e+13 171.3  922  902
 6    932  4.14  21.8   5.5  3.93  5.09 4.22e+13 153.2  942  922
 6    952  4.32  22.2   5.3  4.21  4.61 3.82e+13 136.9  963  942
 6    973  4.51  22.6   5.0  4.52  4.16 3.45e+13 122.3  984  963
 6    995  4.71  23.0   4.8  4.83  3.76 3.12e+13 109.3 1006  984
 6   1017  4.92  23.4   4.5  5.17  3.39 2.81e+13  97.6 1028 1006
 6   1039  5.14  23.7   4.3  5.52  3.06 2.54e+13  87.1 1051 1028
 6   1062  5.37  24.0   4.1  5.89  2.76 2.29e+13  77.8 1074 1051
 6   1086  5.61  24.3   3.9  6.27  2.49 2.06e+13  69.5 1098 1074
 6   1110  5.86  24.5   3.7  6.67  2.24 1.86e+13  62.1 1122 1098
 6   1134  6.12  24.7   3.5  7.09  2.02 1.67e+13  55.5 1147 1122
 6   1159  6.40  24.9   3.3  7.52  1.82 1.51e+13  49.7 1172 1147
 6   1185  6.68  25.0   3.1  7.97  1.63 1.35e+13  44.5 1198 1172
 6   1211  6.98  25.1   3.0  8.44  1.47 1.22e+13  39.8 1224 1198
 6   1238  7.29  25.2   2.8  8.92  1.32 1.10e+13  35.7 1251 1224
 6   1265  7.62  25.2   2.7  9.41  1.19 9.87e+12  32.1 1279 1251
 6   1293  7.96  25.2   2.5  9.92  1.07 8.88e+12  28.9 1307 1279
 6   1321  8.31  25.2   2.4 10.44  0.96 7.99e+12  26.0 1336 1307
 6   1350  8.68  25.1   2.3 10.97  0.87 7.20e+12  23.5 1365 1336
 6   1380  9.07  25.0   2.2 11.51  0.78 6.48e+12  21.2 1395 1365
 6   1411  9.47  24.9   2.1 12.06  0.71 5.85e+12  19.2 1426 1395
 6   1442  9.90  24.7   2.0 12.61  0.64 5.28e+12  17.5 1457 1426
 6   1474 10.34  24.5   1.9 13.17  0.58 4.77e+12  15.9 1490 1457
 6   1506 10.80  24.3   1.8 13.74  0.52 4.31e+12  14.5 1523 1490
 6   1539 11.28  24.1   1.7 14.30  0.47 3.90e+12  13.3 1556 1523
 6   1573 11.78  23.8   1.6 14.86  0.43 3.54e+12  12.3 1590 1556
 6   1608 12.31  23.6   1.5 15.41  0.39 3.21e+12  11.4 1625 1590
 6   1643 12.86  23.3   1.5 15.96  0.35 2.93e+12  10.5 1661 1625
 6   1680 13.43  23.0   1.4 16.49  0.32 2.67e+12   9.8 1698 1661
 6   1717 14.03  22.6   1.3 17.00  0.29 2.44e+12   9.2 1735 1698
 6   1755 14.66  22.3   1.3 17.49  0.27 2.24e+12   8.7 1774 1735
 6   1793 15.31  22.0   1.2 17.96  0.25 2.06e+12   8.2 1813 1774
 6   1833 15.99  21.6   1.2 18.39  0.23 1.90e+12   7.9 1853 1813
 6   1873 16.71  21.2   1.1 18.78  0.21 1.76e+12   7.6 1894 1853
 6   1915 17.45  20.8   1.1 19.13  0.20 1.63e+12   7.3 1935 1894
 6   1957 18.23  20.4   1.1 19.43  0.18 1.52e+12   7.2 1978 1935
 6   2000 19.04  20.0   1.0 19.67  0.17 1.42e+12   7.1 2022 1978
 6   2044 19.89  19.6   1.0 19.85  0.16 1.34e+12   7.0 2066 2022
 6   2089 20.78  19.2   1.0 19.95  0.15 1.27e+12   7.0 2112 2066
 6   2135 21.71  18.7   0.9 19.98  0.15 1.21e+12   7.1 2159 2112
 6   2182 22.68  18.3   0.9 19.93  0.14 1.16e+12   7.3 2206 2159
 6   2231 23.69  17.8   0.9 19.79  0.13 1.11e+12   7.6 2255 2206
 6   2280 24.74  17.3   0.9 19.55  0.13 1.08e+12   8.0 2305 2255
 6   2330 25.85  16.8   0.9 19.21  0.13 1.06e+12   8.5 2355 2305
 6   2381 27.00  16.3   0.9 18.76  0.13 1.04e+12   9.2 2407 2355
 6   2434 28.21  15.8   0.9 18.21  0.12 1.04e+12  10.1 2460 2407
 6   2488 29.46  15.3   0.9 17.55  0.13 1.04e+12  11.3 2515 2460
 6   2543 30.78  14.7   0.9 16.78  0.13 1.05e+12  12.8 2570 2515
 6   2599 32.15  14.1   0.9 15.90  0.13 1.08e+12  14.7 2627 2570
 7    912  3.96  22.9   5.3  4.33  4.67 3.87e+13 141.1  922  902
 7    932  4.14  23.4   5.0  4.65  4.20 3.48e+13 125.6  942  922
 7    952  4.32  23.9   4.8  4.99  3.78 3.14e+13 111.8  963  942
 7    973  4.51  24.3   4.5  5.36  3.40 2.82e+13  99.4  984  963
 7    995  4.71  24.7   4.3  5.74  3.06 2.54e+13  88.4 1006  984
 7   1017  4.92  25.0   4.1  6.15  2.75 2.28e+13  78.6 1028 1006
 7   1039  5.14  25.3   3.9  6.57  2.47 2.04e+13  69.8 1051 1028
 7   1062  5.37  25.6   3.7  7.02  2.21 1.83e+13  62.1 1074 1051
 7   1086  5.61  25.9   3.5  7.48  1.98 1.64e+13  55.2 1098 1074
 7   1110  5.86  26.1   3.3  7.97  1.78 1.47e+13  49.1 1122 1098
 7   1134  6.12  26.3   3.1  8.47  1.59 1.32e+13  43.6 1147 1122
 7   1159  6.40  26.4   2.9  9.00  1.43 1.18e+13  38.8 1172 1147
 7   1185  6.68  26.5   2.8  9.55  1.28 1.06e+13  34.6 1198 1172
 7   1211  6.98  26.6   2.6 10.11  1.14 9.48e+12  30.8 1224 1198
 7   1238  7.29  26.6   2.5 10.70  1.02 8.49e+12  27.5 1251 1224
 7   1265  7.62  26.6   2.4 11.30  0.92 7.60e+12  24.6 1279 1251
 7   1293  7.96  26.5   2.2 11.92  0.82 6.81e+12  22.0 1307 1279
 7   1321  8.31  26.4   2.1 12.55  0.74 6.10e+12  19.7 1336 1307
 7   1350  8.68  26.3   2.0 13.20  0.66 5.47e+12  17.7 1365 1336
 7   1380  9.07  26.2   1.9 13.86  0.59 4.91e+12  15.9 1395 1365
 7   1411  9.47  26.0   1.8 14.53  0.53 4.41e+12  14.3 1426 1395
 7   1442  9.90  25.8   1.7 15.21  0.48 3.96e+12  12.9 1457 1426
 7   1474 10.34  25.6   1.6 15.90  0.43 3.57e+12  11.7 1490 1457
 7   1506 10.80  25.4   1.5 16.59  0.39 3.21e+12  10.7 1523 1490
 7   1539 11.28  25.1   1.5 17.29  0.35 2.90e+12   9.7 1556 1523
 7   1573 11.78  24.8   1.4 17.98  0.32 2.62e+12   8.9 1590 1556
 7   1608 12.31  24.5   1.3 18.66  0.29 2.37e+12   8.2 1625 1590
 7   1643 12.86  24.2   1.3 19.33  0.26 2.16e+12   7.5 1661 1625
 7   1680 13.43  23.9   1.2 19.99  0.24 1.96e+12   7.0 1698 1661
 7   1717 14.03  23.5   1.1 20.62  0.22 1.79e+12   6.5 1735 1698
 7   1755 14.66  23.2   1.1 21.23  0.20 1.64e+12   6.1 1774 1735
 7   1793 15.31  22.8   1.0 21.80  0.18 1.50e+12   5.8 1813 1774
 7   1833 15.99  22.4   1.0 22.33  0.17 1.38e+12   5.5 1853 1813
 7   1873 16.71  22.0   1.0 22.81  0.15 1.28e+12   5.2 1894 1853
 7   1915 17.45  21.6   0.9 23.24  0.14 1.19e+12   5.0 1935 1894
 7   1957 18.23  21.2   0.9 23.61  0.13 1.11e+12   4.9 1978 1935
 7   2000 19.04  20.8   0.9 23.90  0.13 1.04e+12   4.8 2022 1978
 7   2044 19.89  20.4   0.8 24.12  0.12 9.79e+11   4.7 2066 2022
 7   2089 20.78  19.9   0.8 24.24  0.11 9.28e+11   4.7 2112 2066
 7   2135 21.71  19.5   0.8 24.27  0.11 8.85e+11   4.7 2159 2112
 7   2182 22.68  19.0   0.8 24.20  0.10 8.50e+11   4.8 2206 2159
 7   2231 23.69  18.6   0.8 24.02  0.10 8.22e+11   5.0 2255 2206
 7   2280 24.74  18.1   0.8 23.72  0.10 8.00e+11   5.2 2305 2255
 7   2330 25.85  17.6   0.8 23.29  0.09 7.86e+11   5.5 2355 2305
 7   2381 27.00  17.1   0.8 22.74  0.09 7.79e+11   5.9 2407 2355
 7   2434 28.21  16.6   0.8 22.07  0.09 7.79e+11   6.4 2460 2407
 7   2488 29.46  16.1   0.8 21.26  0.09 7.87e+11   7.1 2515 2460
 7   2543 30.78  15.5   0.8 20.32  0.10 8.03e+11   8.0 2570 2515
 7   2599 32.15  15.0   0.8 19.26  0.10 8.30e+11   9.2 2627 2570
 8    912  3.96  24.6   4.9  4.99  4.04 3.35e+13 115.8  922  902
 8    932  4.14  25.1   4.7  5.36  3.63 3.00e+13 102.7  942  922
 8    952  4.32  25.5   4.4  5.76  3.25 2.69e+13  91.0  963  942
 8    973  4.51  25.9   4.2  6.19  2.91 2.41e+13  80.7  984  963
 8    995  4.71  26.3   4.0  6.63  2.61 2.16e+13  71.4 1006  984
 8   1017  4.92  26.6   3.8  7.10  2.33 1.93e+13  63.3 1028 1006
 8   1039  5.14  26.9   3.5  7.59  2.09 1.73e+13  56.0 1051 1028
 8   1062  5.37  27.2   3.4  8.10  1.87 1.55e+13  49.6 1074 1051
 8   1086  5.61  27.4   3.2  8.64  1.67 1.38e+13  43.9 1098 1074
 8   1110  5.86  27.6   3.0  9.20  1.49 1.23e+13  38.9 1122 1098
 8   1134  6.12  27.7   2.8  9.79  1.33 1.10e+13  34.4 1147 1122
 8   1159  6.40  27.8   2.7 10.40  1.19 9.82e+12  30.5 1172 1147
 8   1185  6.68  27.9   2.5 11.03  1.06 8.76e+12  27.1 1198 1172
 8   1211  6.98  27.9   2.4 11.69  0.94 7.82e+12  24.0 1224 1198
 8   1238  7.29  27.8   2.3 12.36  0.84 6.98e+12  21.3 1251 1224
 8   1265  7.62  27.8   2.1 13.06  0.75 6.23e+12  19.0 1279 1251
 8   1293  7.96  27.7   2.0 13.78  0.67 5.56e+12  16.9 1307 1279
 8   1321  8.31  27.6   1.9 14.52  0.60 4.96e+12  15.1 1336 1307
 8   1350  8.68  27.4   1.8 15.27  0.54 4.43e+12  13.5 1365 1336
 8   1380  9.07  27.2   1.7 16.04  0.48 3.96e+12  12.1 1395 1365
 8   1411  9.47  27.0   1.6 16.83  0.43 3.55e+12  10.8 1426 1395
 8   1442  9.90  26.8   1.5 17.63  0.38 3.18e+12   9.7 1457 1426
 8   1474 10.34  26.5   1.4 18.43  0.34 2.85e+12   8.8 1490 1457
 8   1506 10.80  26.3   1.4 19.24  0.31 2.56e+12   7.9 1523 1490
 8   1539 11.28  26.0   1.3 20.06  0.28 2.30e+12   7.2 1556 1523
 8   1573 11.78  25.6   1.2 20.87  0.25 2.08e+12   6.6 1590 1556
 8   1608 12.31  25.3   1.2 21.67  0.23 1.88e+12   6.0 1625 1590
 8   1643 12.86  25.0   1.1 22.46  0.20 1.70e+12   5.5 1661 1625
 8   1680 13.43  24.6   1.1 23.24  0.19 1.54e+12   5.1 1698 1661
 8   1717 14.03  24.2   1.0 23.99  0.17 1.40e+12   4.7 1735 1698
 8   1755 14.66  23.8   1.0 24.71  0.15 1.28e+12   4.4 1774 1735
 8   1793 15.31  23.5   0.9 25.39  0.14 1.17e+12   4.1 1813 1774
 8   1833 15.99  23.0   0.9 26.03  0.13 1.08e+12   3.9 1853 1813
 8   1873 16.71  22.6   0.9 26.61  0.12 9.95e+11   3.7 1894 1853
 8   1915 17.45  22.2   0.8 27.12  0.11 9.23e+11   3.6 1935 1894
 8   1957 18.23  21.8   0.8 27.56  0.10 8.60e+11   3.4 1978 1935
 8   2000 19.04  21.4   0.8 27.92  0.10 8.05e+11   3.4 2022 1978
 8   2044 19.89  20.9   0.7 28.19  0.09 7.58e+11   3.3 2066 2022
 8   2089 20.78  20.5   0.7 28.35  0.09 7.18e+11   3.3 2112 2066
 8   2135 21.71  20.0   0.7 28.40  0.08 6.85e+11   3.3 2159 2112
 8   2182 22.68  19.6   0.7 28.32  0.08 6.58e+11   3.3 2206 2159
 8   2231 23.69  19.1   0.7 28.12  0.08 6.36e+11   3.4 2255 2206
 8   2280 24.74  18.7   0.7 27.78  0.07 6.20e+11   3.6 2305 2255
 8   2330 25.85  18.2   0.7 27.30  0.07 6.10e+11   3.8 2355 2305
 8   2381 27.00  17.7   0.7 26.67  0.07 6.05e+11   4.0 2407 2355
 8   2434 28.21  17.2   0.7 25.89  0.07 6.07e+11   4.4 2460 2407
 8   2488 29.46  16.7   0.7 24.96  0.07 6.14e+11   4.8 2515 2460
 8   2543 30.78  16.2   0.7 23.89  0.08 6.29e+11   5.4 2570 2515
 8   2599 32.15  15.6   0.7 22.67  0.08 6.52e+11   6.2 2627 2570
 9    912  3.96  26.1   4.6  5.63  3.56 2.95e+13  97.6  922  902
 9    932  4.14  26.6   4.4  6.07  3.18 2.63e+13  85.9  942  922
 9    952  4.32  27.0   4.1  6.53  2.84 2.35e+13  75.5  963  942
 9    973  4.51  27.4   3.9  7.02  2.53 2.10e+13  66.4  984  963
 9    995  4.71  27.8   3.7  7.54  2.26 1.87e+13  58.3 1006  984
 9   1017  4.92  28.2   3.5  8.08  2.01 1.67e+13  51.2 1028 1006
 9   1039  5.14  28.4   3.3  8.65  1.79 1.48e+13  45.0 1051 1028
 9   1062  5.37  28.7   3.1  9.25  1.59 1.32e+13  39.5 1074 1051
 9   1086  5.61  28.9   2.9  9.88  1.42 1.17e+13  34.7 1098 1074
 9   1110  5.86  29.0   2.8 10.54  1.26 1.04e+13  30.5 1122 1098
 9   1134  6.12  29.1   2.6 11.22  1.12 9.27e+12  26.9 1147 1122
 9   1159  6.40  29.2   2.4 11.93  0.99 8.23e+12  23.6 1172 1147
 9   1185  6.68  29.2   2.3 12.67  0.88 7.31e+12  20.8 1198 1172
 9   1211  6.98  29.2   2.2 13.44  0.78 6.49e+12  18.3 1224 1198
 9   1238  7.29  29.1   2.0 14.24  0.69 5.76e+12  16.2 1251 1224
 9   1265  7.62  29.0   1.9 15.06  0.62 5.11e+12  14.3 1279 1251
 9   1293  7.96  28.9   1.8 15.91  0.55 4.54e+12  12.7 1307 1279
 9   1321  8.31  28.7   1.7 16.78  0.49 4.03e+12  11.2 1336 1307
 9   1350  8.68  28.5   1.6 17.68  0.43 3.58e+12  10.0 1365 1336
 9   1380  9.07  28.3   1.5 18.60  0.38 3.18e+12   8.9 1395 1365
 9   1411  9.47  28.0   1.4 19.54  0.34 2.83e+12   7.9 1426 1395
 9   1442  9.90  27.8   1.4 20.50  0.30 2.52e+12   7.1 1457 1426
 9   1474 10.34  27.5   1.3 21.48  0.27 2.25e+12   6.4 1490 1457
 9   1506 10.80  27.1   1.2 22.47  0.24 2.00e+12   5.8 1523 1490
 9   1539 11.28  26.8   1.1 23.47  0.22 1.79e+12   5.2 1556 1523
 9   1573 11.78  26.4   1.1 24.47  0.19 1.60e+12   4.7 1590 1556
 9   1608 12.31  26.1   1.0 25.47  0.17 1.44e+12   4.3 1625 1590
 9   1643 12.86  25.7   1.0 26.47  0.16 1.29e+12   4.0 1661 1625
 9   1680 13.43  25.3   0.9 27.45  0.14 1.17e+12   3.7 1698 1661
 9   1717 14.03  24.9   0.9 28.41  0.13 1.05e+12   3.4 1735 1698
 9   1755 14.66  24.5   0.8 29.34  0.12 9.55e+11   3.2 1774 1735
 9   1793 15.31  24.0   0.8 30.24  0.10 8.68e+11   3.0 1813 1774
 9   1833 15.99  23.6   0.8 31.09  0.10 7.92e+11   2.8 1853 1813
 9   1873 16.71  23.2   0.7 31.88  0.09 7.25e+11   2.7 1894 1853
 9   1915 17.45  22.7   0.7 32.61  0.08 6.67e+11   2.6 1935 1894
 9   1957 18.23  22.3   0.7 33.25  0.07 6.16e+11   2.5 1978 1935
 9   2000 19.04  21.8   0.6 33.80  0.07 5.72e+11   2.5 2022 1978
 9   2044 19.89  21.4   0.6 34.25  0.06 5.34e+11   2.4 2066 2022
 9   2089 20.78  20.9   0.6 34.57  0.06 5.02e+11   2.5 2112 2066
 9   2135 21.71  20.4   0.6 34.76  0.06 4.74e+11   2.5 2159 2112
 9   2182 22.68  19.9   0.6 34.81  0.05 4.51e+11   2.6 2206 2159
 9   2231 23.69  19.5   0.6 34.71  0.05 4.33e+11   2.7 2255 2206
 9   2280 24.74  19.0   0.6 34.43  0.05 4.18e+11   2.8 2305 2255
 9   2330 25.85  18.5   0.5 33.97  0.05 4.07e+11   3.0 2355 2305
 9   2381 27.00  18.0   0.5 33.33  0.05 4.00e+11   3.3 2407 2355
 9   2434 28.21  17.5   0.5 32.49  0.05 3.97e+11   3.6 2460 2407
 9   2488 29.46  16.9   0.5 31.46  0.05 3.98e+11   4.1 2515 2460
 9   2543 30.78  16.4   0.5 30.22  0.05 4.03e+11   4.7 2570 2515
 9   2599 32.15  15.8   0.5 28.79  0.05 4.13e+11   5.5 2627 2570
10    912  3.96  27.0   4.4  6.16  3.17 2.63e+13  87.8  922  902
10    932  4.14  27.5   4.1  6.65  2.83 2.34e+13  77.1  942  922
10    952  4.32  27.9   3.9  7.16  2.52 2.09e+13  67.6  963  942
10    973  4.51  28.3   3.7  7.70  2.24 1.86e+13  59.3  984  963
10    995  4.71  28.7   3.5  8.27  1.99 1.65e+13  51.9 1006  984
10   1017  4.92  29.0   3.3  8.87  1.77 1.47e+13  45.5 1028 1006
10   1039  5.14  29.3   3.1  9.50  1.57 1.30e+13  39.9 1051 1028
10   1062  5.37  29.5   2.9 10.17  1.40 1.16e+13  35.0 1074 1051
10   1086  5.61  29.7   2.7 10.86  1.24 1.03e+13  30.6 1098 1074
10   1110  5.86  29.8   2.6 11.59  1.10 9.08e+12  26.9 1122 1098
10   1134  6.12  29.9   2.4 12.34  0.97 8.05e+12  23.6 1147 1122
10   1159  6.40  29.9   2.3 13.13  0.86 7.12e+12  20.7 1172 1147
10   1185  6.68  29.9   2.1 13.95  0.76 6.31e+12  18.2 1198 1172
10   1211  6.98  29.8   2.0 14.81  0.67 5.58e+12  16.0 1224 1198
10   1238  7.29  29.7   1.9 15.69  0.60 4.94e+12  14.1 1251 1224
10   1265  7.62  29.6   1.8 16.61  0.53 4.37e+12  12.4 1279 1251
10   1293  7.96  29.5   1.7 17.55  0.47 3.87e+12  10.9 1307 1279
10   1321  8.31  29.3   1.6 18.53  0.41 3.43e+12   9.7 1336 1307
10   1350  8.68  29.0   1.5 19.53  0.37 3.04e+12   8.6 1365 1336
10   1380  9.07  28.8   1.4 20.57  0.33 2.69e+12   7.6 1395 1365
10   1411  9.47  28.5   1.3 21.62  0.29 2.39e+12   6.8 1426 1395
10   1442  9.90  28.2   1.2 22.70  0.26 2.12e+12   6.1 1457 1426
10   1474 10.34  27.9   1.2 23.80  0.23 1.89e+12   5.4 1490 1457
10   1506 10.80  27.5   1.1 24.91  0.20 1.68e+12   4.9 1523 1490
10   1539 11.28  27.2   1.0 26.04  0.18 1.50e+12   4.4 1556 1523
10   1573 11.78  26.8   1.0 27.17  0.16 1.34e+12   4.0 1590 1556
10   1608 12.31  26.4   0.9 28.30  0.14 1.20e+12   3.6 1625 1590
10   1643 12.86  26.0   0.9 29.43  0.13 1.07e+12   3.3 1661 1625
10   1680 13.43  25.6   0.8 30.54  0.12 9.66e+11   3.1 1698 1661
10   1717 14.03  25.2   0.8 31.63  0.11 8.71e+11   2.8 1735 1698
10   1755 14.66  24.8   0.8 32.70  0.10 7.88e+11   2.6 1774 1735
10   1793 15.31  24.3   0.7 33.72  0.09 7.15e+11   2.5 1813 1774
10   1833 15.99  23.9   0.7 34.69  0.08 6.52e+11   2.3 1853 1813
10   1873 16.71  23.4   0.7 35.59  0.07 5.96e+11   2.2 1894 1853
10   1915 17.45  23.0   0.6 36.42  0.07 5.47e+11   2.1 1935 1894
10   1957 18.23  22.5   0.6 37.16  0.06 5.05e+11   2.1 1978 1935
10   2000 19.04  22.1   0.6 37.80  0.06 4.69e+11   2.0 2022 1978
10   2044 19.89  21.6   0.6 38.31  0.05 4.37e+11   2.0 2066 2022
10   2089 20.78  21.1   0.5 38.69  0.05 4.10e+11   2.0 2112 2066
10   2135 21.71  20.7   0.5 38.92  0.05 3.88e+11   2.0 2159 2112
10   2182 22.68  20.2   0.5 38.99  0.04 3.69e+11   2.1 2206 2159
10   2231 23.69  19.7   0.5 38.88  0.04 3.53e+11   2.2 2255 2206
10   2280 24.74  19.2   0.5 38.58  0.04 3.41e+11   2.3 2305 2255
10   2330 25.85  18.7   0.5 38.08  0.04 3.33e+11   2.5 2355 2305
10   2381 27.00  18.2   0.5 37.37  0.04 3.27e+11   2.7 2407 2355
10   2434 28.21  17.7   0.5 36.44  0.04 3.25e+11   3.0 2460 2407
10   2488 29.46  17.2   0.5 35.28  0.04 3.26e+11   3.3 2515 2460
10   2543 30.78  16.6   0.5 33.90  0.04 3.31e+11   3.8 2570 2515
10   2599 32.15  16.1   0.5 32.31  0.04 3.40e+11   4.5 2627 2570
11    912  3.96  27.8   4.2  6.63  2.92 2.42e+13  79.5  922  902
11    932  4.14  28.3   4.0  7.14  2.61 2.16e+13  69.5  942  922
11    952  4.32  28.7   3.7  7.68  2.32 1.92e+13  60.8  963  942
11    973  4.51  29.1   3.5  8.25  2.07 1.71e+13  53.1  984  963
11    995  4.71  29.5   3.3  8.86  1.84 1.52e+13  46.4 1006  984
11   1017  4.92  29.8   3.1  9.49  1.64 1.36e+13  40.5 1028 1006
11   1039  5.14  30.1   3.0 10.16  1.45 1.20e+13  35.4 1051 1028
11   1062  5.37  30.3   2.8 10.85  1.29 1.07e+13  30.9 1074 1051
11   1086  5.61  30.4   2.6 11.58  1.14 9.49e+12  27.0 1098 1074
11   1110  5.86  30.5   2.5 12.34  1.02 8.41e+12  23.6 1122 1098
11   1134  6.12  30.6   2.3 13.13  0.90 7.46e+12  20.6 1147 1122
11   1159  6.40  30.6   2.2 13.95  0.80 6.61e+12  18.0 1172 1147
11   1185  6.68  30.5   2.1 14.80  0.71 5.85e+12  15.8 1198 1172
11   1211  6.98  30.5   1.9 15.69  0.63 5.18e+12  13.8 1224 1198
11   1238  7.29  30.4   1.8 16.61  0.55 4.59e+12  12.1 1251 1224
11   1265  7.62  30.2   1.7 17.56  0.49 4.07e+12  10.7 1279 1251
11   1293  7.96  30.0   1.6 18.54  0.43 3.60e+12   9.4 1307 1279
11   1321  8.31  29.8   1.5 19.55  0.39 3.20e+12   8.3 1336 1307
11   1350  8.68  29.5   1.4 20.58  0.34 2.83e+12   7.3 1365 1336
11   1380  9.07  29.3   1.4 21.64  0.30 2.51e+12   6.5 1395 1365
11   1411  9.47  29.0   1.3 22.73  0.27 2.23e+12   5.8 1426 1395
11   1442  9.90  28.6   1.2 23.84  0.24 1.98e+12   5.1 1457 1426
11   1474 10.34  28.3   1.1 24.96  0.21 1.77e+12   4.6 1490 1457
11   1506 10.80  27.9   1.1 26.11  0.19 1.57e+12   4.1 1523 1490
11   1539 11.28  27.6   1.0 27.26  0.17 1.40e+12   3.7 1556 1523
11   1573 11.78  27.2   1.0 28.41  0.15 1.26e+12   3.4 1590 1556
11   1608 12.31  26.7   0.9 29.57  0.14 1.13e+12   3.1 1625 1590
11   1643 12.86  26.3   0.9 30.72  0.12 1.01e+12   2.8 1661 1625
11   1680 13.43  25.9   0.8 31.85  0.11 9.10e+11   2.6 1698 1661
11   1717 14.03  25.5   0.8 32.96  0.10 8.21e+11   2.4 1735 1698
11   1755 14.66  25.0   0.7 34.04  0.09 7.43e+11   2.2 1774 1735
11   1793 15.31  24.6   0.7 35.07  0.08 6.75e+11   2.1 1813 1774
11   1833 15.99  24.1   0.7 36.05  0.07 6.16e+11   2.0 1853 1813
11   1873 16.71  23.7   0.6 36.96  0.07 5.64e+11   1.9 1894 1853
11   1915 17.45  23.2   0.6 37.79  0.06 5.18e+11   1.8 1935 1894
11   1957 18.23  22.7   0.6 38.53  0.06 4.79e+11   1.7 1978 1935
11   2000 19.04  22.3   0.6 39.15  0.05 4.45e+11   1.7 2022 1978
11   2044 19.89  21.8   0.5 39.66  0.05 4.16e+11   1.7 2066 2022
11   2089 20.78  21.3   0.5 40.02  0.05 3.90e+11   1.7 2112 2066
11   2135 21.71  20.9   0.5 40.24  0.04 3.69e+11   1.7 2159 2112
11   2182 22.68  20.4   0.5 40.28  0.04 3.52e+11   1.8 2206 2159
11   2231 23.69  19.9   0.5 40.14  0.04 3.37e+11   1.9 2255 2206
11   2280 24.74  19.4   0.5 39.80  0.04 3.26e+11   2.0 2305 2255
11   2330 25.85  18.9   0.5 39.26  0.04 3.18e+11   2.1 2355 2305
11   2381 27.00  18.4   0.5 38.50  0.04 3.14e+11   2.3 2407 2355
11   2434 28.21  17.9   0.5 37.52  0.04 3.12e+11   2.6 2460 2407
11   2488 29.46  17.3   0.5 36.31  0.04 3.14e+11   2.9 2515 2460
11   2543 30.78  16.8   0.5 34.87  0.04 3.19e+11   3.4 2570 2515
11   2599 32.15  16.2   0.5 33.20  0.04 3.28e+11   4.0 2627 2570
12    952  4.32  29.2   3.6  8.15  2.12 1.76e+13  57.6  963  942
12    973  4.51  29.5   3.4  8.71  1.91 1.58e+13  50.5  984  963
12    995  4.71  29.8   3.2  9.29  1.71 1.42e+13  44.2 1006  984
12   1017  4.92  30.1   3.0  9.89  1.54 1.27e+13  38.7 1028 1006
12   1039  5.14  30.3   2.9 10.52  1.38 1.14e+13  33.9 1051 1028
12   1062  5.37  30.5   2.7 11.17  1.24 1.02e+13  29.7 1074 1051
12   1086  5.61  30.6   2.6 11.85  1.11 9.18e+12  26.0 1098 1074
12   1110  5.86  30.7   2.4 12.55  0.99 8.22e+12  22.8 1122 1098
12   1134  6.12  30.7   2.3 13.27  0.89 7.36e+12  20.0 1147 1122
12   1159  6.40  30.7   2.2 14.02  0.80 6.59e+12  17.6 1172 1147
12   1185  6.68  30.6   2.1 14.79  0.71 5.90e+12  15.4 1198 1172
12   1211  6.98  30.5   2.0 15.58  0.64 5.29e+12  13.6 1224 1198
12   1238  7.29  30.4   1.9 16.39  0.57 4.73e+12  12.0 1251 1224
12   1265  7.62  30.2   1.8 17.22  0.51 4.24e+12  10.5 1279 1251
12   1293  7.96  30.0   1.7 18.07  0.46 3.80e+12   9.3 1307 1279
12   1321  8.31  29.8   1.6 18.94  0.41 3.41e+12   8.3 1336 1307
12   1350  8.68  29.5   1.5 19.82  0.37 3.06e+12   7.3 1365 1336
12   1380  9.07  29.3   1.4 20.71  0.33 2.74e+12   6.5 1395 1365
12   1411  9.47  28.9   1.3 21.62  0.30 2.46e+12   5.8 1426 1395
12   1442  9.90  28.6   1.3 22.53  0.27 2.22e+12   5.2 1457 1426
12   1474 10.34  28.3   1.2 23.44  0.24 2.00e+12   4.7 1490 1457
12   1506 10.80  27.9   1.1 24.35  0.22 1.80e+12   4.2 1523 1490
12   1539 11.28  27.5   1.1 25.26  0.20 1.63e+12   3.8 1556 1523
12   1573 11.78  27.1   1.0 26.16  0.18 1.47e+12   3.5 1590 1556
12   1608 12.31  26.7   1.0 27.05  0.16 1.34e+12   3.2 1625 1590
12   1643 12.86  26.3   0.9 27.91  0.15 1.22e+12   2.9 1661 1625
12   1680 13.43  25.8   0.9 28.75  0.13 1.11e+12   2.7 1698 1661
12   1717 14.03  25.4   0.9 29.54  0.12 1.02e+12   2.5 1735 1698
12   1755 14.66  24.9   0.8 30.30  0.11 9.32e+11   2.3 1774 1735
12   1793 15.31  24.5   0.8 31.00  0.10 8.58e+11   2.2 1813 1774
12   1833 15.99  24.0   0.8 31.65  0.10 7.93e+11   2.1 1853 1813
12   1873 16.71  23.6   0.7 32.22  0.09 7.36e+11   2.0 1894 1853
12   1915 17.45  23.1   0.7 32.71  0.08 6.86e+11   1.9 1935 1894
12   1957 18.23  22.6   0.7 33.11  0.08 6.43e+11   1.9 1978 1935
12   2000 19.04  22.2   0.7 33.40  0.07 6.06e+11   1.9 2022 1978
12   2044 19.89  21.7   0.6 33.58  0.07 5.74e+11   1.9 2066 2022
12   2089 20.78  21.2   0.6 33.64  0.07 5.47e+11   1.9 2112 2066
12   2135 21.71  20.7   0.6 33.56  0.06 5.25e+11   1.9 2159 2112
12   2182 22.68  20.2   0.6 33.34  0.06 5.07e+11   2.0 2206 2159
12   2231 23.69  19.8   0.6 32.97  0.06 4.93e+11   2.1 2255 2206
12   2280 24.74  19.3   0.6 32.44  0.06 4.84e+11   2.2 2305 2255
12   2330 25.85  18.7   0.6 31.74  0.06 4.79e+11   2.4 2355 2305
12   2381 27.00  18.2   0.6 30.88  0.06 4.79e+11   2.7 2407 2355
12   2434 28.21  17.7   0.6 29.84  0.06 4.84e+11   3.0 2460 2407
397296 23760
